MEME version 4

ALPHABET= ACGT

strands: + -

Background letter frequencies (from uniform background):
A 0.25000 C 0.25000 G 0.25000 T 0.25000 

MOTIF M00001_2.00 ABF1

letter-probability matrix: alength= 4 w= 8 nsites= 1 E= 0
  0.009615	  0.009615	  0.009615	  0.971154	
  0.009615	  0.009615	  0.009615	  0.971154	
  0.971154	  0.009615	  0.009615	  0.009615	
  0.009615	  0.009615	  0.009615	  0.971154	
  0.009615	  0.971154	  0.009615	  0.009615	
  0.971154	  0.009615	  0.009615	  0.009615	
  0.009615	  0.971154	  0.009615	  0.009615	
  0.009615	  0.009615	  0.009615	  0.971154	

URL http://cisbp.ccbr.utoronto.ca/TFreport.php?versionNumber=2.00&searchTF=T000084_2.00

MOTIF M00014_2.00 CST6

letter-probability matrix: alength= 4 w= 8 nsites= 1 E= 0
  0.712963	  0.000712	  0.285613	  0.000712	
  0.000475	  0.000475	  0.000475	  0.998574	
  0.048004	  0.000475	  0.808460	  0.143061	
  0.998574	  0.000475	  0.000475	  0.000475	
  0.000475	  0.951046	  0.000475	  0.048004	
  0.095532	  0.000475	  0.903517	  0.000475	
  0.000475	  0.000475	  0.000475	  0.998574	
  0.499288	  0.285613	  0.000712	  0.214387	

URL http://cisbp.ccbr.utoronto.ca/TFreport.php?versionNumber=2.00&searchTF=T069495_2.00

MOTIF M00017_2.00 RPN4

letter-probability matrix: alength= 4 w= 7 nsites= 1 E= 0	
  0.000035	  0.797239	  0.000035	  0.202692	
  0.000035	  0.000035	  0.999896	  0.000035	
  0.000035	  0.999896	  0.000035	  0.000035	
  0.000035	  0.999896	  0.000035	  0.000035	
  0.999896	  0.000035	  0.000035	  0.000035	
  0.000035	  0.999896	  0.000035	  0.000035	
  0.024287	  0.927140	  0.024287	  0.024287	

URL http://cisbp.ccbr.utoronto.ca/TFreport.php?versionNumber=2.00&searchTF=T131824_2.00

MOTIF M00023_2.00 MIG3

letter-probability matrix: alength= 4 w= 7 nsites= 1 E= 0
  0.000058	  0.999826	  0.000058	  0.000058	
  0.000058	  0.999826	  0.000058	  0.000058	
  0.000058	  0.999826	  0.000058	  0.000058	
  0.000058	  0.999826	  0.000058	  0.000058	
  0.093824	  0.000058	  0.906060	  0.000058	
  0.000058	  0.999826	  0.000058	  0.000058	
  0.743851	  0.022862	  0.210425	  0.022862	

URL http://cisbp.ccbr.utoronto.ca/TFreport.php?versionNumber=2.00&searchTF=T131833_2.00

MOTIF M00036_2.00 MSN2

letter-probability matrix: alength= 4 w= 8 nsites= 1 E= 0
  0.164746	  0.211783	  0.129468	  0.494003	
  0.483256	  0.241669	  0.225008	  0.050067	
  0.013049	  0.928395	  0.045508	  0.013049	
  0.000064	  0.999807	  0.000064	  0.000064	
  0.000064	  0.999807	  0.000064	  0.000064	
  0.000064	  0.993357	  0.000064	  0.006514	
  0.000067	  0.181227	  0.033615	  0.785091	
  0.128039	  0.040067	  0.287988	  0.543906	

URL http://cisbp.ccbr.utoronto.ca/TFreport.php?versionNumber=2.00&searchTF=T131850_2.00

MOTIF M00038_2.00 CRZ1

letter-probability matrix: alength= 4 w= 9 nsites= 1 E= 0
  0.197751	  0.197751	  0.406748	  0.197751	
  0.209570	  0.093161	  0.503917	  0.193352	
  0.123545	  0.829749	  0.023353	  0.023353	
  0.100234	  0.000043	  0.000043	  0.899681	
  0.274188	  0.000043	  0.725727	  0.000043	
  0.274188	  0.516730	  0.000043	  0.209039	
  0.000043	  0.100234	  0.899681	  0.000043	
  0.022104	  0.933688	  0.022104	  0.022104	
  0.052292	  0.843124	  0.052292	  0.052292	

URL http://cisbp.ccbr.utoronto.ca/TFreport.php?versionNumber=2.00&searchTF=T131853_2.00

MOTIF M00040_2.00 MET31

letter-probability matrix: alength= 4 w= 9 nsites= 1 E= 0
  0.143100	  0.429896	  0.260745	  0.166259	
  0.220264	  0.328595	  0.125817	  0.325325	
  0.451281	  0.330991	  0.000252	  0.217476	
  0.000050	  0.999050	  0.000490	  0.000409	
  0.714364	  0.206726	  0.000544	  0.078366	
  0.004679	  0.995301	  0.000004	  0.000016	
  0.003757	  0.995905	  0.000017	  0.000321	
  0.124466	  0.185681	  0.001689	  0.688165	
  0.196226	  0.691780	  0.107691	  0.004303	

URL http://cisbp.ccbr.utoronto.ca/TFreport.php?versionNumber=2.00&searchTF=T131855_2.00

MOTIF M00048_2.00 GLN3

letter-probability matrix: alength= 4 w= 8 nsites= 1 E= 0
  0.186841	  0.230778	  0.186841	  0.395540	
  0.422708	  0.252032	  0.000081	  0.325179	
  0.006600	  0.000065	  0.954064	  0.039271	
  0.999804	  0.000065	  0.000065	  0.000065	
  0.000065	  0.000065	  0.000065	  0.999804	
  0.914859	  0.045805	  0.000065	  0.039271	
  0.957547	  0.007111	  0.014151	  0.021191	
  0.084280	  0.336806	  0.526199	  0.052715

URL http://cisbp.ccbr.utoronto.ca/TFreport.php?versionNumber=2.00&searchTF=T195737_2.00

MOTIF M00063_2.00 REB1

letter-probability matrix: alength= 4 w= 8 nsites= 1 E= 0
  0.222345	  0.111726	  0.664823	  0.001106	
  0.000712	  0.000712	  0.000712	  0.997863	
  0.000665	  0.000665	  0.000665	  0.998005	
  0.998005	  0.000665	  0.000665	  0.000665	
  0.000665	  0.998005	  0.000665	  0.000665	
  0.000665	  0.998005	  0.000665	  0.000665	
  0.000665	  0.998005	  0.000665	  0.000665	
  0.000996	  0.000996	  0.797809	  0.200199	

URL http://cisbp.ccbr.utoronto.ca/TFreport.php?versionNumber=2.00&searchTF=T282177_2.00

MOTIF M00907_2.00 SKO1

letter-probability matrix: alength= 4 w= 9 nsites= 1 E= 0
  0.776316	  0.074561	  0.074561	  0.074561	
  0.000062	  0.000062	  0.000062	  0.999813	
  0.000062	  0.000062	  0.809938	  0.189938	
  0.999813	  0.000062	  0.000062	  0.000062	
  0.000062	  0.999813	  0.000062	  0.000062	
  0.000062	  0.000062	  0.999813	  0.000062	
  0.000062	  0.000062	  0.000062	  0.999813	
  0.503179	  0.206688	  0.192610	  0.097523	
  0.473497	  0.175501	  0.175501	  0.175501	
  
MOTIF M00909_2.00 NRG2

letter-probability matrix: alength= 4 w= 8 nsites= 1 E= 0
  0.130689	  0.021303	  0.826705	  0.021303	
  0.000177	  0.000177	  0.999470	  0.000177	
  0.516903	  0.000177	  0.206451	  0.276468	
  0.000177	  0.999470	  0.000177	  0.000177	
  0.000177	  0.999470	  0.000177	  0.000177	
  0.000177	  0.999470	  0.000177	  0.000177	
  0.000177	  0.000177	  0.000177	  0.999470	
  0.075560	  0.075560	  0.557634	  0.291245	

URL http://cisbp.ccbr.utoronto.ca/TFreport.php?versionNumber=2.00&searchTF=T131822_2.00

MOTIF M00098_2.00 PDR8

letter-probability matrix: alength= 4 w= 8 nsites= 1 E= 0
  0.382798	  0.246536	  0.304146	  0.066520	
  0.017871	  0.946900	  0.009614	  0.025615	
  0.002781	  0.001201	  0.995045	  0.000973	
  0.021302	  0.000663	  0.961774	  0.016261	
  0.643546	  0.128637	  0.218545	  0.009272	
  0.291487	  0.224752	  0.325381	  0.158380	
  0.461890	  0.171628	  0.156856	  0.209626	
  0.350510	  0.103481	  0.100423	  0.445586	

URL http://cisbp.ccbr.utoronto.ca/TFreport.php?versionNumber=2.00&searchTF=T388365_2.00

MOTIF M01599_2.00 GAL4

letter-probability matrix: alength= 4 w= 7 nsites= 1 E= 0
  0.214221	  0.286291	  0.186235	  0.313252	
  0.119046	  0.273011	  0.100435	  0.507508	
  0.000397	  0.999240	  0.000031	  0.000332	
  0.000168	  0.000036	  0.999757	  0.000039	
  0.012006	  0.000175	  0.987702	  0.000117	
  0.423436	  0.182802	  0.269995	  0.123767	
  0.239006	  0.239006	  0.371107	  0.150881	

URL http://cisbp.ccbr.utoronto.ca/TFreport.php?versionNumber=2.00&searchTF=T388380_2.00

MOTIF M01523_2.00 GCN4

letter-probability matrix: alength= 4 w= 7 nsites= 1 E= 0
  0.003684	  0.000104	  0.000000	  0.996212	
  0.003146	  0.021457	  0.850682	  0.124716	
  0.985610	  0.004871	  0.003265	  0.006254	
  0.054920	  0.630099	  0.207655	  0.107327	
  0.226603	  0.085046	  0.213406	  0.474945	
  0.232372	  0.491932	  0.127529	  0.148167	
  0.469883	  0.185394	  0.183549	  0.161174	

URL http://cisbp.ccbr.utoronto.ca/TFreport.php?versionNumber=2.00&searchTF=T069491_2.00

MOTIF YEL009C_1363 GCN4

letter-probability matrix: alength= 4 w= 7 nsites= 1 E= 0
  0.25	  0.25	  0.25	  0.25	
  0.000997	  0.000997	  0.000997	  0.997009	
  0.000972	  0.000972	  0.972361	  0.025695	
  0.997009	  0.000997	  0.000997	  0.000997	
  0.000719	  0.719011	  0.275700	  0.004570	
  0.091972	  0.022445	  0.000885	  0.884699	
  0.105908	  0.888764	  0.000889	  0.004440	

MOTIF M01524_2.00 YAP1

letter-probability matrix: alength= 4 w= 8 nsites= 1 E= 0
  0.402756	  0.386964	  0.121308	  0.088973	
  0.035172	  0.000320	  0.057412	  0.907096	
  0.017446	  0.032431	  0.336670	  0.613453	
  0.855397	  0.000658	  0.054684	  0.089261	
  0.042605	  0.534839	  0.242734	  0.179822	
  0.218505	  0.142140	  0.286234	  0.353121	
  0.409661	  0.197419	  0.112768	  0.280152	
  0.575008	  0.129591	  0.153605	  0.141795	

URL http://cisbp.ccbr.utoronto.ca/TFreport.php?versionNumber=2.00&searchTF=T069499_2.00

MOTIF M00917_2.00 VHR2

letter-probability matrix: alength= 4 w= 7 nsites= 1 E= 0
  0.25	  0.25	  0.25	  0.25	
  0.000061	  0.000061	  0.000061	  0.999816	
  0.000061	  0.000061	  0.999816	  0.000061	
  0.999816	  0.000061	  0.000061	  0.000061	
  0.000061	  0.999816	  0.000061	  0.000061	
  0.000061	  0.000061	  0.000061	  0.999816	
  0.096323	  0.903555	  0.000061	  0.000061	

URL http://cisbp.ccbr.utoronto.ca/TFreport.php?versionNumber=2.00&searchTF=T350444_2.00
